400.0,	360.16,	319.56,	279.96,	239.96,	200.6,	160.8,	122.64,	80.4,	38.68,	0.0,	400.0,	400.0,	400.0,	400.0,	396.0,	400.0,	400.0,	
409.55,	369.53,	327.58,	287.0,	245.24,	203.63,	162.9,	125.56,	82.05,	41.88,	0.0,	369.31,	406.0,	332.84,	39.08,	365.8,	367.14,	371.36,	
419.71,	376.94,	336.77,	292.28,	252.05,	211.24,	167.15,	125.2,	83.72,	43.05,	0.0,	337.93,	403.37,	265.46,	20.6,	330.72,	336.83,	337.44,	
430.0,	386.77,	343.3,	300.44,	260.11,	214.19,	170.84,	125.9,	83.34,	40.86,	0.0,	299.07,	389.91,	212.77,	16.36,	298.73,	302.62,	302.66,	
439.7,	397.26,	350.85,	307.78,	264.65,	219.13,	176.53,	132.1,	86.8,	45.63,	0.0,	264.88,	369.99,	159.96,	11.6,	261.25,	270.82,	268.62,	
448.98,	403.61,	358.11,	316.25,	273.07,	224.28,	179.55,	135.43,	88.86,	47.37,	0.0,	231.33,	337.54,	122.45,	9.64,	223.6,	230.53,	227.83,	
460.23,	414.83,	366.68,	320.1,	275.93,	227.63,	186.13,	133.12,	90.49,	44.96,	0.0,	186.47,	296.45,	77.97,	7.32,	183.6,	185.32,	189.02,	
470.16,	422.33,	373.64,	329.23,	280.3,	238.79,	184.15,	142.25,	92.08,	48.12,	0.0,	143.87,	240.37,	49.83,	7.04,	136.31,	145.03,	148.15,	
479.67,	433.95,	381.5,	339.02,	285.47,	238.85,	188.04,	144.99,	91.59,	45.4,	0.0,	102.86,	176.33,	24.05,	6.12,	96.55,	95.37,	101.8,	
490.06,	438.77,	393.81,	344.69,	293.49,	250.3,	196.68,	144.97,	100.6,	48.23,	0.0,	55.66,	99.38,	9.92,	5.6,	49.92,	56.38,	58.88,	
500.0,	452.25,	401.2,	348.15,	298.75,	248.25,	198.8,	147.3,	103.55,	51.7,	0.0,	5.0,	10.0,	5.0,	5.0,	0.0,	5.0,	10.0,	
400.0,	370.14,	336.05,	302.58,	262.91,	218.73,	182.48,	137.08,	96.45,	51.53,	0.0,	400.0,	400.0,	400.0,	400.0,	250.0,	400.0,	400.0,	
400.0,	360.8,	320.48,	286.88,	248.52,	211.22,	174.59,	135.86,	93.36,	47.58,	0.0,	400.0,	400.0,	400.0,	400.0,	396.0,	400.0,	400.0,	
400.0,	376.46,	347.64,	314.16,	278.91,	236.24,	193.98,	143.72,	99.3,	52.5,	0.0,	400.0,	400.0,	400.0,	400.0,	5.0,	400.0,	400.0,	
400.0,	443.38,	395.87,	349.41,	295.22,	241.88,	200.67,	152.28,	99.58,	51.8,	0.0,	400.0,	400.0,	400.0,	400.0,	5.0,	400.0,	400.0,	
401.0,	368.05,	335.98,	300.28,	260.05,	226.69,	187.22,	142.44,	97.65,	47.63,	0.0,	250.0,	401.0,	5.0,	5.0,	0.0,	250.0,	401.0,	
400.0,	367.3,	336.75,	301.44,	262.77,	225.72,	183.97,	142.52,	97.84,	50.54,	0.0,	400.0,	400.0,	400.0,	400.0,	250.0,	400.0,	400.0,	
400.0,	369.71,	335.29,	298.31,	265.39,	223.48,	184.01,	140.18,	96.73,	50.56,	0.0,	400.0,	400.0,	400.0,	400.0,	396.0,	400.0,	400.0,	
